32767
32767
32767
32766
32764
32761
32754
32743
32726
32701
32666
32619
32558
32479
32380
32257
32107
31927
31712
31459
31163
30821
30428
29979
29471
28898
28256
27541
26749
25875
24916
23868
22729
21495
20164
18736
17208
15582
13858
12038
10126
8124
6039
3877
1646
-643
-2981
-5355
-7749
-10150
-12539
-14899
-17208
-19447
-21592
-23620
-25508
-27230
-28763
-30082
-31163
-31983
-32521
-32757
-32674
-32257
-31495
-30380
-28910
-27086
-24916
-22412
-19592
-16480
-13108
-9512
-5735
-1826
2160
6165
10126
13975
17644
21064
24166
26882
29149
30908
32107
32704
32666
31972
30615
28602
25954
22710
18925
14669
10028
5100
0
-5151
-10223
-15082
-19592
-23620
-27043
-29746
-31633
-32624
-32666
-31731
-29821
-26970
-23242
-18736
-13578
-7924
-1955
4132
10126
15808
20966
25394
28910
31356
32612
32599
31288
28702
24916
20063
14323
7924
1132
-5760
-12444
-18609
-23956
-28217
-31163
-32624
-32496
-30751
-27443
-22710
-16768
-9905
-2468
5151
12539
19281
24983
29300
31955
32761
31633
28602
23816
17536
10126
2032
-6241
-14161
-21202
-26882
-30795
-32643
-32261
-29638
-24916
-18396
-10516
-1826
7047
15446
22729
28321
31763
32750
31163
27086
20807
12800
3698
-5760
-14784
-22599
-28513
-31983
-32666
-30457
-25508
-18226
-9241
643
10516
19447
26569
31171
32767
31155
26448
19072
9733
-643
-11003
-20266
-27443
-31744
-32666
-30062
-24166
-15582
-5228
5760
16145
24731
30504
32752
31163
25875
17470
6922
-4515
-15446
-24511
-30550
-32764
-30821
-24916
-15763
-4515
7374
18333
26882
31837
32479
28664
20867
10126
-2083
-14045
-24044
-30615
-32761
-30113
-23005
-12444
26
12539
23188
30312
32766
30113
22710
11679
-1261
-14045
-24596
-31163
-32619
-28664
-19900
-7749
5760
18333
27790
32454
31459
24916
13928
412
-13226
-24511
-31356
-32454
-27541
-17470
-4081
10126
22449
30504
32687
28513
18736
5228
-9364
-22129
-30475
-32666
-28191
-17904
-3877
11003
23620
31288
32327
26448
14853
0
-14899
-26569
-32399
-31034
-22710
-9241
6367
20568
30082
32666
27652
16145
798
-14784
-26882
-32558
-30380
-20807
-6115
10126
23904
31763
31679
23602
9512
-7047
-21842
-31034
-32182
-24916
-11075
5735
21064
30795
32257
24983
10881
-6241
-21689
-31163
-31972
-23816
-8919
8547
23620
31955
31091
21202
5100
-12539
-26524
-32674
-29090
-16768
643
17904
29746
32496
25231
10126
-8174
-23956
-32229
-30312
-18736
-1132
16879
29471
32505
24916
9117
-9733
-25394
-32612
-28898
-15424
3314
20966
31473
31163
20063
1955
-16879
-29821
-32257
-23242
-5912
13578
28217
32666
25231
8547
-11317
-27043
-32761
-26265
-9905
10223
26524
32767
26494
10028
-10346
-26749
-32761
-25954
-8919
11679
27680
32666
24562
6544
-14161
-29149
-32257
-22129
-2853
17644
30839
31163
18396
-2160
-21842
-32261
-28898
-13108
8373
26265
32750
24916
6115
-15424
-30163
-31495
-18736
2468
22599
32521
27652
10126
-12086
-28763
-32142
-20568
643
21592
32399
27885
10101
-12539
-29207
-31837
-19072
2981
23620
32726
25748
6039
-16702
-31163
-30062
-13858
9364
27885
32257
20164
-2289
-23602
-32752
-24916
-4081
18925
32028
28256
9512
-14323
-30550
-30428
-13928
10126
28726
31712
17361
-6544
-26882
-32380
-19900
3698
25264
32666
21650
-1646
-24044
-32754
-22710
412
23333
32767
23152
0
-23188
-32767
-23005
412
23620
32754
22261
-1646
-24596
-32666
-20867
3698
26032
32380
18736
-6544
-27790
-31712
-15763
10126
29659
30428
11847
-14323
-31356
-28256
-6922
18925
32512
24916
1004
-23602
-32687
-20164
5760
27885
31401
13858
-13037
-31163
-28191
-6039
20266
32726
22710
-2981
-26645
-31837
-14853
12539
31171
27885
4897
-21592
-32761
-20568
6367
28763
30457
10126
-17579
-32521
-23727
2468
26882
31495
12800
-15424
-32191
-24916
1055
26265
31679
13108
-15446
-32261
-24425
2160
27115
31163
11075
-17644
-32643
-22129
5760
29149
29549
6544
-21689
-32666
-17536
11679
31530
25954
-643
-26749
-31091
-10028
19281
32767
19239
-10223
-31234
-26265
643
27043
30751
8547
-20906
-32666
-16658
13578
32229
23242
-5760
-29821
-28085
-1955
25907
31163
9117
-20966
-32599
-15424
15446
32612
20707
-9733
-31473
-24916
4132
29471
28085
1132
-26882
-30312
-5912
23956
31731
10126
-20906
-32496
-13742
17904
32761
16768
-15082
-32674
-19239
12539
32368
21202
-10346
-31955
-22710
8547
31530
23816
-7173
-31163
-24562
6241
30908
24983
-5760
-30795
-25099
5735
30839
24916
-6165
-31034
-24425
7047
31356
23602
-8373
-31763
-22412
10126
32191
20807
-12277
-32558
-18736
14784
32757
16145
-17579
-32666
-12990
20568
32142
9241
-23620
-31034
-4897
26569
29184
0
-29207
-26448
5355
31288
22710
-11003
-32537
-17904
16702
32666
12038
-22129
-31401
-5228
26882
28513
-2289
-30504
-23868
10126
32512
17470
-17753
-32454
-9512
24511
29979
412
-29659
-24916
9166
32454
17361
-18333
-32257
-7749
26032
28664
-3109
-31163
-21650
14045
32743
11679
-23620
-30113
232
30312
23152
-12539
-32767
-12444
23333
30113
-643
-30615
-22261
14045
32701
10126
-25264
-28664
4336
31837
18736
-18333
-31927
-4515
28726
24916
-11124
-32764
-11847
24511
28898
-4515
-32028
-17470
20103
31163
1004
-30504
-21495
16145
32257
5228
-28825
-24166
13037
32666
8124
-27443
-25748
11003
32761
9733
-26645
-26448
10150
32767
10101
-26569
-26372
10516
32761
9241
-27230
-25508
12086
32666
7123
-28513
-23727
14784
32257
3698
-30163
-20807
18439
31163
-1055
-31763
-16480
22729
28898
-7047
-32716
-10516
27115
24916
-13975
-32261
-2853
30795
18736
-21202
-29549
6241
32704
10126
-27680
-23816
15988
31633
-643
-31955
-14669
24983
26494
-12539
-32360
-2468
31234
16768
-23620
-27443
11317
32496
3058
-31163
-16658
23956
26970
-12444
-32257
-1132
31794
14323
-25907
-24916
15808
31288
-3314
-32612
-9512
28910
20707
-20966
-28702
10126
32505
1955
-31794
-13578
26882
23242
-18609
-29821
8174
32666
3058
-31633
-13742
27043
22710
-19592
-29090
10223
32360
0
-32368
-10028
29300
18925
-23620
-25954
15988
30615
-7173
-32666
-2032
32107
10881
-29149
-18736
24166
25099
-17644
-29638
10126
32182
-2160
-32716
-5735
31356
13108
-28321
-19592
23904
24916
-18439
-28910
12277
31495
-5760
-32674
-798
32521
7123
-31163
-12990
28763
18226
-25508
-22710
21592
26372
-17208
-29184
12539
31155
-7749
-32327
2981
32761
1646
-32537
-6039
31744
10126
-30475
-13858
28825
17208
-26882
-20164
24731
22729
-22449
-24916
20103
26749
-17753
-28256
15446
29471
-13226
-30428
11124
31163
-9166
-31712
7374
32107
-5760
-32380
4336
32558
-3109
-32666
2083
32726
-1261
-32754
643
32764
-232
-32767
26
0
0
0
0
0
0
0
0
0
0
0
0
0
0
0
0
0
0
0
0
0
